1 0.6154876781472683 0.8473574821852732 0.5709323040380047 0.7624901029295328 0.49661149049881226 0.8858076009501186 0.541166864608076 0.970674980205859
1 0.6453125 0.6833333333333336 0.5848958333333333 0.6833333333333336 0.5848958333333333 0.7638888888888891 0.6453125 0.7638888888888891
4 0.5140621216248942 0.796830393779177 0.45113493613028216 0.781770896395851 0.4414263984743916 0.9099852349625324 0.5043535839690035 0.9250447323458584
4 0.5144571787528525 0.623196357198645 0.4543201807194377 0.6150208698842983 0.44903586079672503 0.7378700168054807 0.5091728588301397 0.7460455041198274
4 0.50796875 0.5966666666666671 0.47161458333333334 0.564351851851852 0.4635937499999999 0.5928703703703704 0.4999479166666666 0.6251851851851856
2 0.7064966410159711 0.9588133302471353 0.6975881911021717 0.8249630720441006 0.6754113838804683 0.8296279135970966 0.6843198337942676 0.9634781718001315
2 0.6756763821642263 0.8245640450322785 0.6438051709376477 0.8219489712906104 0.6412772717879074 0.9193199015028255 0.673148483014486 0.9219349752444936
2 0.721140428332905 0.7338767350705451 0.6353700284699031 0.552580771755573 0.5728008337614521 0.6461352998258985 0.658571233624454 0.8274312631408706
2 0.35036714480874337 0.9752352762598666 0.3491931352459017 0.9522768670309654 0.3410220286885246 0.9535974499089254 0.3421960382513663 0.9765558591378265
2 0.34584740990991 0.931631631631632 0.34541807432432436 0.9270520520520521 0.33984375 0.9287037037037036 0.3402730855855856 0.9332832832832835
2 0.39949544107304336 0.932424850501059 0.3489977686794602 0.7357451968697322 0.251319673821126 0.8150070191008854 0.3018173462147092 1.011686672732212
2 0.3223965056968733 0.6024424659954072 0.3050000960519343 0.29427749514220103 0.2522754537625861 0.30368436083141964 0.26967186340752514 0.6118493316846259
2 0.7696163284115577 0.14687252039823345 0.7134578397522269 0.1340555680315395 0.6912814394790031 0.4411533215227357 0.7474399281383339 0.4539702738894296
2 0.44220139712422163 0.824551723380659 0.44088858212273935 0.7794297855519319 0.42419473885759457 0.7809648515993015 0.42550755385907685 0.8260867894280285
2 0.41898032271807445 0.7771345408141127 0.4004597023999717 0.7764135434294663 0.39897774878403813 0.8967262221748855 0.4174983691021409 0.8974472195595319
2 0.5184111160597629 0.6111508213028947 0.44173234604052936 0.4916921014613877 0.35721339618660536 0.6631534836023231 0.4338921662058388 0.7826122034438301