1 0.4875000000000001 0.9624999999999999 0.4830729166666668 0.9624999999999999 0.4830729166666668 0.9643518518518519 0.4875000000000001 0.9643518518518519
1 0.46901041666666676 0.9513888888888888 0.41223958333333344 0.9513888888888888 0.41223958333333344 0.9995370370370371 0.46901041666666676 0.9995370370370371
1 0.5330232705083766 0.7886923101611143 0.4515891283939918 0.782660151485975 0.44867399624494514 0.9070391231786383 0.53010813835933 0.9130712818537776
4 0.7264828149440348 0.21229937048999759 0.7247718318961138 0.13443063088684393 0.6376204718701118 0.1404828086664274 0.6393314549180327 0.21835154826958103
4 0.721033653846154 0.11937321937321915 0.6987980769230769 0.09301994301994308 0.692147435897436 0.110754985754986 0.7143830128205131 0.13710826210826207
4 0.6724974593495934 0.08957768744354119 0.6556053099593495 0.08624096657633272 0.6532806148373985 0.12343608852755213 0.6701727642276424 0.1267728093947606
4 0.6703926282051281 0.08173076923076936 0.668048878205128 0.07895299145299145 0.6658854166666666 0.08472222222222224 0.6682291666666665 0.08750000000000016
2 0.7185608085532911 0.12088719357513206 0.7109308177413965 0.029704093502122195 0.6913128723967034 0.03489231045278493 0.6989428632085979 0.1260754105257948
2 0.6914784409772616 0.1708293017255282 0.6856819968553458 0.13862683438155143 0.6761100780116108 0.1440721926570984 0.6819065221335266 0.1762746600010752
2 0.6963541666666666 0.04074074074074088 0.6700520833333333 0.04074074074074088 0.6700520833333333 0.12500000000000014 0.6963541666666666 0.12500000000000014
2 0.5778645833333333 0.975462962962963 0.5596354166666666 0.975462962962963 0.5596354166666666 0.9995370370370371 0.5778645833333333 0.9995370370370371
2 0.5440104166666666 0.9703703703703703 0.5260416666666666 0.9703703703703703 0.5260416666666666 0.9995370370370371 0.5440104166666666 0.9995370370370371
2 0.5834662349037898 0.6778289747094669 0.5027782589225361 0.6761610062137304 0.5011811869113605 0.9203355714779266 0.5818691628926141 0.9220035399736629
2 0.7068229166666667 0.14935185185185215 0.6954687500000001 0.13925925925925936 0.6874479166666667 0.1677777777777778 0.6988020833333334 0.1778703703703706
2 0.7163688388199317 0.12382332953568786 0.712580753058104 0.031466190961603774 0.6923945684925344 0.0340829185904739 0.6961826542543622 0.12644005716455797