1 0.6079712211070559 0.7428477291159774 0.5811264446472021 0.7205765071640985 0.5425990343673965 0.8673475939443094 0.5694438108272504 0.8896188158961882
1 0.6130361519607844 0.6540577342047933 0.6032322303921569 0.6497004357298477 0.5978247549019607 0.688153594771242 0.6076286764705883 0.6925108932461875
1 0.6046442539109507 0.6240573606097071 0.5919270833333333 0.588888888888889 0.5816213522864019 0.6006668672282394 0.5943385228640192 0.6358353389490574
1 0.670348012519944 0.5814351263933663 0.6230045957678031 0.5784922566651836 0.6206929749316207 0.6960253338470838 0.6680363916837616 0.6989682035752663
1 0.08792959471496439 0.6463705243247997 0.0003092834520982031 0.6409991642473829 -0.0025265365201898263 0.7872014383742414 0.08509377474267636 0.7925727984516582
1 0.04427083333333338 0.5597222222222222 0.016145833333333373 0.5597222222222222 0.016145833333333373 0.6092592592592593 0.04427083333333338 0.6092592592592593
1 0.005450790229885066 0.6699872286079185 0.004687500000000011 0.6694444444444446 0.004166666666666707 0.6717592592592593 0.004929956896551763 0.6723020434227331
1 0.11751975574712645 0.6594029374201787 0.09708311781609194 0.6366065134099617 0.0895130028735632 0.6580551724137932 0.10994964080459771 0.6808515964240102
1 0.10606947078147536 0.6814753979982867 0.029839485070242006 0.5838033442341439 -0.022852011110517517 0.7137757014800177 0.05337797460071583 0.8114477552441604
1 0.04453125000000004 0.5601851851851852 0.015885416666666707 0.5601851851851852 0.015885416666666707 0.6097222222222222 0.04453125000000004 0.6097222222222222
1 0.1333685573449151 0.5951055537049849 0.0835326184436416 0.4516309435348178 0.03477354219514696 0.5051585725551827 0.08460948109642046 0.6486331827253498
1 0.11698437500000006 0.6576203703703704 0.09062500000000004 0.6509259259259259 0.08855208333333338 0.6767222222222222 0.1149114583333334 0.6834166666666667
1 0.134346073988145 0.5977494185109397 0.08390902026231856 0.4504879477785997 0.03407891742561797 0.5044274961331912 0.08451597115144441 0.6516889668655312
2 0.7225799209770114 0.762492017879949 0.7095123922413794 0.7611254789272033 0.7081196120689657 0.8032183908045979 0.7211871408045977 0.8045849297573436
2 0.7031641777286137 0.7572885939036385 0.6756648691002951 0.7540294165847266 0.6719395280235989 0.8533718452966242 0.6994388366519175 0.856631022615536
2 0.7389416881443298 0.705188048873616 0.7006794995704467 0.4653221649484538 0.6216710158934707 0.5051539709812906 0.6599332044673538 0.745019854906453
2 0.013541666666666714 0.6652777777777777 4.6737496983084535e-17 0.6652777777777777 4.925695263758039e-17 0.7384259259259259 0.013541666666666717 0.7384259259259259
2 0.035156250000000035 0.3819444444444444 2.651806805966209e-17 0.3819444444444444 3.421994831992474e-17 0.6055555555555556 0.03515625000000004 0.6055555555555556