1 0.3620514906782385 0.30122370441801494 0.31041089079074247 0.17559511053966215 0.20817587793314046 0.3084132469016753 0.25981647782063655 0.4340418407800281
1 0.5430889564896757 0.9558500491642088 0.5229418325958701 0.948273352999017 0.5169013643067847 0.9990376925598166 0.5370484882005903 1.0066143887250083
1 0.54296875 0.9513888888888888 0.54296875 0.9513888888888888 0.54296875 0.9548611111111112 0.54296875 0.9548611111111112
1 0.528004807692308 0.921153846153846 0.4939302884615384 0.880769230769231 0.48563701923076924 0.9028846153846158 0.5197115384615388 0.9432692307692309
1 0.5802110121234385 0.8246833074808827 0.5363906938831741 0.807880745366969 0.5221751201628705 0.9250515348191694 0.5659954384031349 0.9418540969330831
1 0.5484571540880502 0.8105258560447238 0.5429196147798743 0.807713137665968 0.5416617531446541 0.8155398322851154 0.5471992924528302 0.8183525506638714
2 0.7076154279279279 0.8534534534534532 0.5790998029279278 0.690259009009009 0.5135029560810811 0.8535222722722723 0.6420185810810811 1.0167167167167166
2 0.317124693627451 0.2265441176470587 0.27092984068627446 0.09749183006535948 0.19934895833333327 0.17847222222222242 0.2455438112745098 0.30752450980392165
2 0.2777893478134449 0.335839730169807 0.2592953121365433 0.3146515016412086 0.24267862075482663 0.36049065028042704 0.26117265643172827 0.3816788788090254
2 0.2734375 0.32291666666666674 0.271484375 0.32291666666666674 0.271484375 0.326388888888889 0.2734375 0.326388888888889
2 0.3177466299019608 0.2323665577342047 0.2721124387254901 0.09715413943355126 0.2001531862745098 0.17391067538126379 0.2457873774509804 0.3091230936819172