1 0.5806817357019327 0.8882631890942796 0.5284589742617818 0.811865858401331 0.4419368247632728 0.9987893543009793 0.4941595862034237 1.0751866849939278
4 0.5524798501131222 0.3597337439249205 0.49602304864253405 0.35495433216021455 0.4898319664404223 0.5860880677057149 0.5462887679110106 0.5908674794704208
4 0.5482058853492497 0.347634314524506 0.5178292718370967 0.3251915639931605 0.5140515260199434 0.34135192109987167 0.5444281395320965 0.3637946716312171
2 0.42741538878562585 0.7803507503786316 0.3989259022614623 0.773744492633898 0.39191643432465934 0.8692809445132867 0.4204059208488229 0.8758872022580203
2 0.45749406303972384 0.7166450777202067 0.421254992443868 0.4718300230282096 0.34885646049222746 0.5057006812512003 0.38509553108808336 0.7505157359431974
2 0.3490444711538461 0.7994693732193734 0.33146033653846174 0.7592770655270655 0.31999399038461546 0.7751317663817663 0.33757812499999984 0.815324074074074
2 0.302542428541404 0.7567342721031246 0.2888234289617487 0.7541211293260475 0.28809045292139557 0.7662831021437579 0.3018094525010509 0.7688962449208351
2 0.33412760362370214 0.7194210849020908 0.3334346885294609 0.4496461415441546 0.26171933640173467 0.45022830574204575 0.2624122514959759 0.7200032490999819
2 0.7275721913956332 0.29542166893582433 0.6666035939469169 0.28764258154204875 0.652116856655886 0.6464844296991384 0.7130854541046023 0.6542635170929141
2 0.6977254164658526 0.8414815856072422 0.5435269821454072 0.7138178999123367 0.49969679880225626 0.8811351889535466 0.6538952331227018 1.008798874648452
2 0.5608416589219336 0.35332335123227526 0.48782237453531624 0.2534679195924552 0.3898998993184631 0.47977764009362367 0.4629191837050804 0.5796330717334438