1 0.3503436646174864 0.8886498178506376 0.3480426058743169 0.8882779295689133 0.3471717042349727 0.9053088949605343 0.34947276297814217 0.9056807832422586
1 0.44349130083814237 0.9987336264541542 0.43452002181231103 0.8424340096485603 0.34301426387743883 0.8590336936276756 0.35198554290327017 1.0153333104332694
1 0.6300017705382436 0.9260715035148461 0.5876563975448534 0.7661000944287064 0.47980110953729926 0.8563319693631313 0.5221464825306894 1.016303378449271
1 0.5657463217111771 0.043541872733267296 0.5645207406033629 -0.0011237498626224436 0.5515624999999998 6.1679056923619804e-18 0.5527880811078141 0.04466562259588975
2 0.64453125 0.9826388888888888 0.64453125 0.9826388888888888 0.64453125 0.9861111111111112 0.64453125 0.9861111111111112
2 0.6442708333333333 0.9944444444444444 0.6410251524390245 0.9787827461607951 0.6350876524390243 0.982671635049684 0.6383333333333332 0.9983333333333333
2 0.6346354166666667 0.974074074074074 0.63359375 0.974074074074074 0.63359375 0.9782407407407407 0.6346354166666667 0.9782407407407407
2 0.6523813552948254 0.987655435218612 0.6510177873044524 0.9652323171546998 0.6471566636582429 0.96597439497259 0.6485202316486159 0.9883975130365023
2 0.6756501173292319 0.8276531086221102 0.593695427117842 0.776583977493821 0.5660392510648367 0.9168532102855337 0.6479939412762266 0.9679223414138227
2 0.5845306148373984 0.8076953477868112 0.551146468495935 0.8011009485094853 0.5492790904471545 0.8309789972899732 0.582663236788618 0.837573396567299
2 0.640101942430258 0.7472218404375822 0.5845979022352074 0.7376947101665544 0.5834480241663134 0.758867068260476 0.638952064361364 0.7683941985315038
2 0.3832006682389937 0.9878319357092941 0.3461035770440244 0.7570055904961568 0.2439514544025153 0.8088923829489878 0.2810485455974846 1.0397187281621252
2 0.5432291666666667 1.1659658066882091e-16 0.5278645833333333 1.149240306422076e-16 0.5278645833333333 0.032407407407407524 0.5432291666666667 0.03240740740740753