1 0.91953125 1.9310865730999468e-16 0.8395833333333333 1.8440572751049844e-16 0.8395833333333333 0.0671296296296298 0.91953125 0.06712962962962982
4 0.3658854166666668 0.911111111111111 0.2513020833333334 0.911111111111111 0.2513020833333334 0.9995370370370371 0.3658854166666668 0.9995370370370371
4 0.34948682598039227 0.8151007625272333 0.3453125 0.8106481481481482 0.34358915441176474 0.8157543572984749 0.34776348039215693 0.82020697167756
4 0.3517590992087645 0.8173114830594443 0.3498493769865424 0.812836174417469 0.34861111111111126 0.8145061728395063 0.3505208333333334 0.8189814814814816
4 0.46523886494252864 0.974441251596424 0.4120599856321839 0.7380906768837803 0.3497395833333333 0.7824074074074074 0.4029184626436781 1.018757982120051
4 0.5518229166666666 1.173336366127522e-16 0.5260416666666666 1.1452715436470618e-16 0.5260416666666666 0.0476851851851853 0.5518229166666666 0.0476851851851853
2 0.9553886468819743 0.00002720556884635202 0.9263745097980188 -0.0017637905474472662 0.9246985032031212 0.08404774711130397 0.9537126402870767 0.0858387432275976
2 0.41155528052805274 0.8467235056839018 0.3339315181518153 0.6282269893656032 0.2057559818481849 0.7721433810047666 0.2833797442244223 0.9906398973230652
2 0.500331579271295 0.08477077520652122 0.4993414574101429 0.03900514251326665 0.48500969350073864 0.039985092182285686 0.4859998153618907 0.08575072487554025
2 0.49766290047182266 0.09621677322696859 0.49541746403589815 -0.0019836469041299245 0.46796875 0 0.4702141864359245 0.09820042013109852
2 0.5221354166666666 9.868649107779169e-17 0.5122636217948718 -0.002193732193732102 0.5095753205128205 0.03603988603988614 0.5194471153846153 0.038233618233618344