1 0.6063279177718832 0.8184161017781706 0.5779000193412909 0.7888558551920622 0.5384562196065429 0.9087423862854899 0.5668841180371352 0.9383026328715984
1 0.6390625 0.6333333333333335 0.5848958333333333 0.6333333333333335 0.5848958333333333 0.7634259259259262 0.6390625 0.7634259259259262
4 0.51171875 0.7861111111111112 0.43828125000000007 0.7861111111111111 0.4382812500000001 0.9944444444444444 0.51171875 0.9944444444444444
4 0.5049284277747509 0.6905299806392722 0.44994047332884635 0.6821984723898926 0.4473037138900463 0.7371993211281216 0.5022916683359508 0.745530829377501
4 0.4990104166666668 0.6507407407407411 0.46526041666666706 0.6207407407407403 0.4563541666666668 0.6524074074074068 0.4901041666666665 0.6824074074074075
2 0.7038190141404512 0.8717147724464216 0.6954027645376548 0.8247878049641634 0.682226823164919 0.8322562934717368 0.6906430727677153 0.879183260953995
2 0.6743671222196403 0.8246841610753205 0.6453876044485752 0.821986823760969 0.6425379067457605 0.9187498924254345 0.6715174245168256 0.9214472297397861
2 0.7430693455726238 0.7008952236237737 0.6478357804108905 0.5170793264227138 0.573270361090296 0.6391747498716405 0.6685039262520295 0.8229906470727004
2 0.2799479166666668 0.9717592592592593 0.2588541666666668 0.9717592592592593 0.2588541666666668 0.9995370370370371 0.2799479166666668 0.9995370370370371
2 0.3375400641025642 0.7137820512820514 0.2640785256410258 0.6974572649572649 0.24367387820512815 0.9876566951566953 0.31713541666666656 1.0039814814814818
2 0.3355650517561852 0.2655009804061209 0.2745220831730975 0.25778883998727614 0.26243433000042726 0.5601745384020094 0.3234772985835149 0.5678866788208541
2 0.7853619694857497 0.11864673688558461 0.732435428283767 0.10637391573729886 0.7101973938971501 0.4094700881178579 0.7631239350991328 0.4217429092661436
2 0.43478043552006496 0.7784894699830865 0.39951537401918896 0.7767908791718785 0.39646312025002484 0.9770680557828878 0.43172818175090083 0.9787666465940958
2 0.5128829103843702 0.6576584043163997 0.4474745832448502 0.5483538220743573 0.3731429620584695 0.6889337202991908 0.43855128919798947 0.7982383025412331