1 0.4880367114410298 0.5239081525082813 0.4482918618479853 0.5174076615526189 0.43736571161687476 0.7285409993518565 0.47711056120991924 0.7350414903075188
1 0.484375 0.4615740740740743 0.48411458333333335 0.4615740740740743 0.48411458333333335 0.4666666666666669 0.484375 0.4666666666666669
1 0.4679662772007913 0.5100950653918013 0.4663892495054401 0.4526211671612265 0.45158707344213644 0.4539048247060117 0.4531641011374877 0.5113787229365864
1 0.5601056926110753 0.04823445064510759 0.515441266232024 -0.009156143426104811 0.4733833205891822 0.0942923195249337 0.5180477469682335 0.15168291359614608
4 0.3893229166666668 0.950925925925926 0.3013020833333334 0.950925925925926 0.3013020833333334 0.9995370370370371 0.3893229166666668 0.9995370370370371
4 0.4816677025394684 0.9409968256643633 0.42599769474408666 0.7552774032249004 0.368435401918647 0.8098101016911063 0.42410540971402877 0.9955295241305693
2 0.4727586206896552 0.3718901660280972 0.3934698275862069 0.3601436781609197 0.37706178160919546 0.710181992337165 0.45635057471264373 0.7219284802043425
2 0.33984375 0.9462962962962964 0.3388281249999999 0.9408796296296296 0.33671874999999996 0.9421296296296295 0.33773437500000003 0.9475462962962964
2 0.44932904877956176 0.8081831989647124 0.3710340329934714 0.7698850452863091 0.3397374477526521 0.9720976294946131 0.41803246353874246 1.0103957831730161
2 0.3484972677595628 0.7789465695203399 0.3344603825136611 0.7581511839708561 0.3094646516393443 0.8114754098360658 0.32350153688524597 0.8322707953855496
2 0.385157420411985 0.7022929671244277 0.34521711142322087 0.6955305867665421 0.34062558520599273 0.7812390761548067 0.38056589419475684 0.7880014565126923
2 0.5038946389006448 0.0011722693840746398 0.4694451359672052 -0.002808562066011754 0.46507828642734445 0.11662663902419694 0.499527789360784 0.12060747047428334