1 0.5322916666666666 0.8111111111111113 0.5291666666666667 0.8111111111111113 0.5291666666666667 0.8222222222222224 0.5322916666666666 0.8222222222222224
1 0.588884453300212 0.8618617771248135 0.5407990404659786 0.7887957529957442 0.4404023253906681 0.9976158641753641 0.4884877382249015 1.0706818883044333
4 0.5481365905848788 0.4291706292597877 0.49096603067047084 0.4096251386907593 0.46487792736566813 0.650795160352935 0.5220484872800761 0.6703406509219635
4 0.5350951141203087 0.4081206439337928 0.5049451440644132 0.37933548733721756 0.5003198196699494 0.39464690602233865 0.530469789725845 0.4234320626189139
2 0.4301594367109097 0.7832365142740669 0.3430488392953492 0.7607109456494371 0.3292343631973671 0.9295545424025516 0.41634496061292764 0.9520801110271814
2 0.4153645833333333 0.5462962962962963 0.3377604166666667 0.5462962962962963 0.3377604166666667 0.725462962962963 0.4153645833333333 0.725462962962963
2 0.6961585365853661 0.8323328816621504 0.5621163617886188 0.78126919602529 0.5406377032520316 0.9594625112917762 0.6746798780487789 1.0105261969286365
2 0.3023005262027492 0.756040950744559 0.2887346971649485 0.7537070446735394 0.2880960051546392 0.7654400534555175 0.3016618341924399 0.7677739595265369
2 0.32918496445002093 0.7065308564524373 0.3184279590129653 0.4053347042148798 0.24289745399414464 0.4138601933175334 0.25365445943120035 0.7150563455550908
2 0.7392162772007912 0.25120617650291244 0.6707123979970326 0.2477916529288935 0.665384515731367 0.5856188543666727 0.7338883949351256 0.5890333779406917
2 0.5611691478172125 0.42531728179066386 0.47629212488544537 0.3021397428420674 0.37162818670332415 0.5300745415497976 0.4565052096350913 0.6532520804983941