1 0.6178886217948718 0.8196937321937325 0.5971554487179488 0.8123219373219375 0.5950120192307693 0.831374643874644 0.6157451923076923 0.838746438746439
1 0.651147615273067 0.7659298311731582 0.6464470118714054 0.5462698880859919 0.5928560960772747 0.5498943944682035 0.5975566994789363 0.7695543375553698
4 0.515469663300071 0.7977376172432848 0.4376871508267132 0.7826774168083992 0.4246286249434864 0.9958347685992521 0.5024111374168443 1.0108949690341378
4 0.49774816176470593 0.7029684095860568 0.4584941789215685 0.6610974945533772 0.4430530024509804 0.7068491285403053 0.4823069852941178 0.7487200435729849
2 0.7671390878519335 0.6960985858560057 0.6697969541402526 0.4238734050828261 0.5781964812323405 0.5273936352640036 0.6755386149440213 0.7996188160371831
2 0.2573252450980393 0.9413686274509807 0.22285906862745106 0.9373725490196081 0.22058296568627456 0.9994174291938999 0.2550491421568628 1.0034135076252726
2 0.2647208760331566 0.9275936410109408 0.251200156167885 0.664602384023697 0.19570773464000762 0.6736190737821095 0.20922845450527922 0.9366103307693534
2 0.3668323613057948 0.19611730655334236 0.3073472259967007 0.18531474912564544 0.29127502479236395 0.4650274437695413 0.350760160101458 0.4758300011972383
2 0.8052083333333333 0.06203703703703721 0.7510416666666666 0.06203703703703721 0.7510416666666666 0.339814814814815 0.8052083333333333 0.339814814814815
2 0.4354466261061946 0.7816084890199932 0.3495436946902652 0.7714274008521799 0.34172428097345153 0.9799450999672243 0.42762721238938095 0.9901261881350377
2 0.512550927991671 0.7127680746784523 0.5046450046744858 0.6951092602036 0.47239583333333335 0.7407407407407409 0.48030175665051855 0.7583995552155932
2 0.47350573675648444 0.6292147832462655 0.38313821773897916 0.6159845059521992 0.3777807373293008 0.731638051303985 0.46814825634680607 0.7448683285980512