1 0.5300375683060109 0.8536050394656951 0.5297323258196721 0.8476358530661808 0.5291218408469945 0.8477345173041894 0.5294270833333333 0.8537037037037036
1 0.5314743589743589 0.8377279202279205 0.5294270833333332 0.8356481481481484 0.5286258012820512 0.838141025641026 0.5306730769230769 0.840220797720798
1 0.5303364642305715 0.8433348106212235 0.529815630897238 0.8410199958064086 0.5289062500000001 0.8416666666666668 0.5294270833333334 0.8439814814814817
1 0.585041409347362 0.8163316221070112 0.5425193227737114 0.7859378282674259 0.49722783718359265 0.986201035207211 0.5397499237572433 1.0165948290467963
1 0.6107552083333334 0.8268981481481483 0.5977864583333333 0.8192129629629632 0.5962760416666666 0.8272685185185187 0.6092447916666668 0.834953703703704
1 0.5838524481228919 0.8124600788646105 0.530930923705822 0.7964460005540078 0.5116025764408272 0.9983198497661763 0.5645241008578972 1.014333928076779
1 0.596872806597754 0.7366921189949522 0.5752309054364473 0.7267986784640692 0.5713132896248088 0.7538834297544101 0.5929551907861155 0.7637768702852932
1 0.5612147671568626 0.06844498910675388 0.5581832107843138 -0.0016176470588234399 0.5427297794117647 0.0004956427015250231 0.5457613357843135 0.07055827886710235
2 0.6486979166666667 0.8199074074074075 0.61328125 0.8199074074074075 0.61328125 0.9592592592592593 0.6486979166666667 0.9592592592592593
2 0.6671145833333334 0.7527592592592592 0.594052083333333 0.5795740740740742 0.5512604166666664 0.63662962962963 0.6243229166666667 0.8098148148148151
2 0.5377604166666666 1.1517916539203e-16 0.5203125 1.1327982892113016e-16 0.5203125 0.05833333333333346 0.5377604166666666 0.05833333333333346